0.99	0.008618	0.008705050505050506
0.98	0.017223600000000002	0.017575102040816328
0.97	0.025844199999999998	0.026643505154639174
0.96	0.0344537	0.035889270833333334
0.95	0.0430648	0.045331368421052634
0.94	0.051665499999999996	0.05496329787234042
0.93	0.060279200000000005	0.06481634408602151
0.92	0.06888040000000001	0.07487
0.91	0.07750040000000001	0.08516527472527473
0.9	0.0860968	0.09566311111111112
0.89	0.0946773	0.10637898876404495
0.88	0.10328179999999999	0.11736568181818181
0.87	0.1118546	0.12856850574712644
0.86	0.1204688	0.14008
0.85	0.12903089999999998	0.1518010588235294
0.84	0.1376034	0.16381357142857142
0.83	0.14621489999999998	0.1761625301204819
0.82	0.1547824	0.1887590243902439
0.81	0.16335480000000002	0.2016725925925926
0.8	0.1719145	0.214893125
0.79	0.1804482	0.22841544303797467
0.78	0.1890408	0.24236
0.77	0.1975752	0.25659116883116884
0.76	0.2061572	0.27125947368421055
0.75	0.2147114	0.28628186666666666
0.74	0.22325409999999998	0.3016947297297297
0.73	0.23178870000000001	0.3175187671232877
0.72	0.2403377	0.3338023611111111
0.71	0.24889179999999997	0.35055183098591547
0.7	0.257451	0.36778714285714287
0.69	0.26598489999999997	0.38548536231884056
0.68	0.27452990000000005	0.4037204411764706
0.67	0.283013	0.42240746268656715
0.66	0.2915688	0.4417709090909091
0.65	0.3001274	0.46173446153846154
0.64	0.308655	0.4822734375
0.63	0.3171994	0.5034911111111111
0.62	0.3256584	0.5252554838709678
0.61	0.3341994	0.547867868852459
0.6	0.3427238	0.5712063333333334
0.59	0.35123879999999996	0.59532
0.58	0.3597645	0.6202836206896551
0.57	0.3682655	0.6460798245614036
0.56	0.37683880000000003	0.6729264285714286
0.55	0.38524800000000003	0.7004509090909091
0.54	0.3937899	0.7292405555555556
0.53	0.4022738	0.7590071698113208
0.52	0.4106922	0.7897926923076923
0.51	0.4192033	0.8219672549019608
0.5	0.4267889	0.8535778
0.49	0.43477499999999997	0.8872959183673469
0.48	0.4419365	0.9207010416666667
0.47	0.44872389999999995	0.9547317021276596
0.46	0.45543290000000003	0.9900715217391305
0.45	0.46189470000000005	1.0264326666666668
0.44	0.46833260000000004	1.0643922727272728
0.43	0.4747614	1.1040962790697675
0.42	0.4811858	1.1456804761904762
0.41	0.4875704	1.1891960975609757
0.4	0.4940468	1.235117
0.39	0.5004700000000001	1.2832564102564104
0.38	0.5069054000000001	1.3339615789473684
0.37	0.5133386	1.3874016216216216
0.36	0.5197545	1.4437625
0.35	0.5261781	1.503366
0.34	0.5326025000000001	1.5664779411764707
0.33	0.5390344	1.6334375757575759
0.32	0.5454628	1.70457125
0.31	0.5518820999999999	1.7802648387096773
0.3	0.5583154	1.8610513333333334
0.29	0.564719	1.9473068965517242
0.28	0.5711556000000001	2.0398414285714286
0.27	0.5775926	2.139231851851852
0.26	0.5840046	2.2461715384615384
0.25	0.5904151	2.3616604
0.24	0.5968401999999999	2.4868341666666667
0.23	0.6032647	2.62289
0.22	0.6093417999999999	2.7697354545454544
0.21	0.6156491	2.931662380952381
0.2	0.6181681000000001	3.0908405
0.19	0.6194281	3.2601478947368423
0.18	0.6181295	3.4340527777777776
0.17	0.608722	3.5807176470588233
0.16	0.5878048	3.67378
0.15	0.5589959	3.7266393333333334
0.14	0.5264702000000001	3.7605014285714287
0.13	0.49168140000000005	3.7821646153846156
0.12	0.4566282	3.805235
0.11	0.419622	3.8147454545454544
0.1	0.3831288	3.831288
0.09	0.3466183	3.8513144444444443
0.08	0.3090757	3.86344625
0.07	0.27169630000000006	3.8813757142857144
0.06	0.233894	3.898233333333333
0.05	0.1965764	3.931528
0.04	0.15804890000000002	3.9512225
0.03	0.1200872	4.002906666666667
0.02	0.0807984	4.03992
0.01	0.0406855	4.06855
0.01	0.0406855	4.06855
0.02	0.0807984	4.03992
0.03	0.1200872	4.002906666666667
0.04	0.15804890000000002	3.9512225
0.05	0.1965764	3.931528
0.06	0.233894	3.898233333333333
0.07	0.27169630000000006	3.8813757142857144
0.08	0.3090757	3.86344625
0.09	0.3466183	3.8513144444444443
0.1	0.3831288	3.831288
0.11	0.419622	3.8147454545454544
0.12	0.4566282	3.805235
0.13	0.49168140000000005	3.7821646153846156
0.14	0.5264702000000001	3.7605014285714287
0.15	0.5589959	3.7266393333333334
0.16	0.5878048	3.67378
0.17	0.608722	3.5807176470588233
0.18	0.6181295	3.4340527777777776
0.19	0.6194281	3.2601478947368423
0.2	0.6181681000000001	3.0908405
0.21	0.6156491	2.931662380952381
0.22	0.6093417999999999	2.7697354545454544
0.23	0.6032647	2.62289
0.24	0.5968401999999999	2.4868341666666667
0.25	0.5904151	2.3616604
0.26	0.5840046	2.2461715384615384
0.27	0.5775926	2.139231851851852
0.28	0.5711556000000001	2.0398414285714286
0.29	0.564719	1.9473068965517242
0.3	0.5583154	1.8610513333333334
0.31	0.5518820999999999	1.7802648387096773
0.32	0.5454628	1.70457125
0.33	0.5390344	1.6334375757575759
0.34	0.5326025000000001	1.5664779411764707
0.35	0.5261781	1.503366
0.36	0.5197545	1.4437625
0.37	0.5133386	1.3874016216216216
0.38	0.5069054000000001	1.3339615789473684
0.39	0.5004700000000001	1.2832564102564104
0.4	0.4940468	1.235117
0.41	0.4875704	1.1891960975609757
0.42	0.4811858	1.1456804761904762
0.43	0.4747614	1.1040962790697675
0.44	0.46833260000000004	1.0643922727272728
0.45	0.46189470000000005	1.0264326666666668
0.46	0.45543290000000003	0.9900715217391305
0.47	0.44872389999999995	0.9547317021276596
0.48	0.4419365	0.9207010416666667
0.49	0.43477499999999997	0.8872959183673469
0.5	0.4267889	0.8535778
0.51	0.4192033	0.8219672549019608
0.52	0.4106922	0.7897926923076923
0.53	0.4022738	0.7590071698113208
0.54	0.3937899	0.7292405555555556
0.55	0.38524800000000003	0.7004509090909091
0.56	0.37683880000000003	0.6729264285714286
0.57	0.3682655	0.6460798245614036
0.58	0.3597645	0.6202836206896551
0.59	0.35123879999999996	0.59532
0.6	0.3427238	0.5712063333333334
0.61	0.3341994	0.547867868852459
0.62	0.3256584	0.5252554838709678
0.63	0.3171994	0.5034911111111111
0.64	0.308655	0.4822734375
0.65	0.3001274	0.46173446153846154
0.66	0.2915688	0.4417709090909091
0.67	0.283013	0.42240746268656715
0.68	0.27452990000000005	0.4037204411764706
0.69	0.26598489999999997	0.38548536231884056
0.7	0.257451	0.36778714285714287
0.71	0.24889179999999997	0.35055183098591547
0.72	0.2403377	0.3338023611111111
0.73	0.23178870000000001	0.3175187671232877
0.74	0.22325409999999998	0.3016947297297297
0.75	0.2147114	0.28628186666666666
0.76	0.2061572	0.27125947368421055
0.77	0.1975752	0.25659116883116884
0.78	0.1890408	0.24236
0.79	0.1804482	0.22841544303797467
0.8	0.1719145	0.214893125
0.81	0.16335480000000002	0.2016725925925926
0.82	0.1547824	0.1887590243902439
0.83	0.14621489999999998	0.1761625301204819
0.84	0.1376034	0.16381357142857142
0.85	0.12903089999999998	0.1518010588235294
0.86	0.1204688	0.14008
0.87	0.1118546	0.12856850574712644
0.88	0.10328179999999999	0.11736568181818181
0.89	0.0946773	0.10637898876404495
0.9	0.0860968	0.09566311111111112
0.91	0.07750040000000001	0.08516527472527473
0.92	0.06888040000000001	0.07487
0.93	0.060279200000000005	0.06481634408602151
0.94	0.051665499999999996	0.05496329787234042
0.95	0.0430648	0.045331368421052634
0.96	0.0344537	0.035889270833333334
0.97	0.025844199999999998	0.026643505154639174
0.98	0.017223600000000002	0.017575102040816328
0.99	0.008618	0.008705050505050506
0.0	0.0	0.0
