0.99	0.0069731	0.007043535353535354
0.98	0.0138784	0.014161632653061225
0.97	0.0208784	0.021524123711340205
0.96	0.0279628	0.029127916666666667
0.95	0.034636	0.036458947368421056
0.94	0.0415303	0.044181170212765956
0.93	0.0483391	0.05197752688172043
0.92	0.054844000000000004	0.05961304347826087
0.91	0.061758099999999996	0.06786604395604395
0.9	0.0684331	0.07603677777777777
0.89	0.07493970000000001	0.08420191011235956
0.88	0.0817803	0.09293215909090909
0.87	0.08806839999999999	0.10122804597701149
0.86	0.09594330000000001	0.11156197674418605
0.85	0.1025939	0.12069870588235294
0.84	0.10877399999999998	0.12949285714285713
0.83	0.1151981	0.13879289156626506
0.82	0.12186979999999999	0.14862170731707317
0.81	0.1279366	0.15794641975308643
0.8	0.1344765	0.168095625
0.79	0.14017880000000002	0.17744151898734178
0.78	0.1453246	0.18631358974358975
0.77	0.1547765	0.20100844155844155
0.76	0.15911550000000002	0.2093625
0.75	0.16722140000000002	0.22296186666666667
0.74	0.1736788	0.2347010810810811
0.73	0.18006919999999998	0.24667013698630136
0.72	0.1826248	0.25364555555555557
0.71	0.1804681	0.2541804225352113
0.7	0.1980519	0.2829312857142857
0.69	0.20677199999999998	0.2996695652173913
0.68	0.2086598	0.30685264705882354
0.67	0.2058724	0.30727223880597015
0.66	0.20428790000000002	0.3095271212121212
0.65	0.2260655	0.3477930769230769
0.64	0.2218077	0.34657453125
0.63	0.225507	0.35794761904761907
0.62	0.24129160000000002	0.38918
0.61	0.2285139	0.3746129508196721
0.6	0.2235551	0.37259183333333334
0.59	0.24982379999999998	0.4234301694915254
0.58	0.22017749999999997	0.3796163793103448
0.57	0.24262459999999997	0.42565719298245613
0.56	0.24465780000000004	0.4368889285714286
0.55	0.24601430000000002	0.4472987272727273
0.54	0.2507301	0.464315
0.53	0.2586153	0.4879533962264151
0.52	0.2614147	0.5027205769230769
0.51	0.2581502	0.506176862745098
0.5	0.2475373	0.4950746
0.49	0.2647425	0.5402908163265306
0.48	0.2686554	0.55969875
0.47	0.265951	0.5658531914893618
0.46	0.2531333	0.5502897826086957
0.45	0.2719492	0.6043315555555555
0.44	0.26994989999999996	0.6135225
0.43	0.27324950000000003	0.6354639534883721
0.42	0.2664134	0.6343176190476191
0.41	0.27536489999999997	0.6716217073170732
0.4	0.27056030000000003	0.67640075
0.39	0.28370690000000004	0.7274535897435898
0.38	0.27774909999999997	0.7309186842105263
0.37	0.2724884	0.7364551351351352
0.36	0.2884624	0.8012844444444445
0.35	0.28500949999999997	0.8143128571428572
0.34	0.265786	0.7817235294117647
0.33	0.26196650000000005	0.7938378787878788
0.32	0.2698161	0.8431753125
0.31	0.2771549	0.8940480645161291
0.3	0.2556185	0.8520616666666667
0.29	0.28675169999999994	0.9887989655172413
0.28	0.28283280000000005	1.010117142857143
0.27	0.276063	1.0224555555555555
0.26	0.2829432	1.0882430769230769
0.25	0.2575174	1.0300696
0.24	0.27270259999999996	1.1362608333333333
0.23	0.27565270000000003	1.19849
0.22	0.2672552	1.2147963636363637
0.21	0.28074849999999996	1.336897619047619
0.2	0.274294	1.37147
0.19	0.28078960000000003	1.47784
0.18	0.26482979999999995	1.4712766666666666
0.17	0.2631581	1.5479888235294117
0.16	0.2629716	1.6435725
0.15	0.26238409999999995	1.7492273333333332
0.14	0.2616446	1.86889
0.13	0.2243059	1.72543
0.12	0.23865619999999999	1.9888016666666666
0.11	0.23592259999999998	2.144750909090909
0.1	0.23255880000000004	2.325588
0.09	0.21373450000000002	2.374827777777778
0.08	0.1934122	2.4176525
0.07	0.1718906	2.45558
0.06	0.1481605	2.4693416666666668
0.05	0.1252051	2.504102
0.04	0.1013825	2.5345625
0.03	0.078744	2.6248
0.02	0.0547728	2.73864
0.01	0.025827	2.5827
0.01	0.025827	2.5827
0.02	0.0547728	2.73864
0.03	0.078744	2.6248
0.04	0.1013825	2.5345625
0.05	0.1252051	2.504102
0.06	0.1481605	2.4693416666666668
0.07	0.1718906	2.45558
0.08	0.1934122	2.4176525
0.09	0.21373450000000002	2.374827777777778
0.1	0.23255880000000004	2.325588
0.11	0.23592259999999998	2.144750909090909
0.12	0.23865619999999999	1.9888016666666666
0.13	0.2243059	1.72543
0.14	0.2616446	1.86889
0.15	0.26238409999999995	1.7492273333333332
0.16	0.2629716	1.6435725
0.17	0.2631581	1.5479888235294117
0.18	0.26482979999999995	1.4712766666666666
0.19	0.28078960000000003	1.47784
0.2	0.274294	1.37147
0.21	0.28074849999999996	1.336897619047619
0.22	0.2672552	1.2147963636363637
0.23	0.27565270000000003	1.19849
0.24	0.27270259999999996	1.1362608333333333
0.25	0.2575174	1.0300696
0.26	0.2829432	1.0882430769230769
0.27	0.276063	1.0224555555555555
0.28	0.28283280000000005	1.010117142857143
0.29	0.28675169999999994	0.9887989655172413
0.3	0.2556185	0.8520616666666667
0.31	0.2771549	0.8940480645161291
0.32	0.2698161	0.8431753125
0.33	0.26196650000000005	0.7938378787878788
0.34	0.265786	0.7817235294117647
0.35	0.28500949999999997	0.8143128571428572
0.36	0.2884624	0.8012844444444445
0.37	0.2724884	0.7364551351351352
0.38	0.27774909999999997	0.7309186842105263
0.39	0.28370690000000004	0.7274535897435898
0.4	0.27056030000000003	0.67640075
0.41	0.27536489999999997	0.6716217073170732
0.42	0.2664134	0.6343176190476191
0.43	0.27324950000000003	0.6354639534883721
0.44	0.26994989999999996	0.6135225
0.45	0.2719492	0.6043315555555555
0.46	0.2531333	0.5502897826086957
0.47	0.265951	0.5658531914893618
0.48	0.2686554	0.55969875
0.49	0.2647425	0.5402908163265306
0.5	0.2475373	0.4950746
0.51	0.2581502	0.506176862745098
0.52	0.2614147	0.5027205769230769
0.53	0.2586153	0.4879533962264151
0.54	0.2507301	0.464315
0.55	0.24601430000000002	0.4472987272727273
0.56	0.24465780000000004	0.4368889285714286
0.57	0.24262459999999997	0.42565719298245613
0.58	0.22017749999999997	0.3796163793103448
0.59	0.24982379999999998	0.4234301694915254
0.6	0.2235551	0.37259183333333334
0.61	0.2285139	0.3746129508196721
0.62	0.24129160000000002	0.38918
0.63	0.225507	0.35794761904761907
0.64	0.2218077	0.34657453125
0.65	0.2260655	0.3477930769230769
0.66	0.20428790000000002	0.3095271212121212
0.67	0.2058724	0.30727223880597015
0.68	0.2086598	0.30685264705882354
0.69	0.20677199999999998	0.2996695652173913
0.7	0.1980519	0.2829312857142857
0.71	0.1804681	0.2541804225352113
0.72	0.1826248	0.25364555555555557
0.73	0.18006919999999998	0.24667013698630136
0.74	0.1736788	0.2347010810810811
0.75	0.16722140000000002	0.22296186666666667
0.76	0.15911550000000002	0.2093625
0.77	0.1547765	0.20100844155844155
0.78	0.1453246	0.18631358974358975
0.79	0.14017880000000002	0.17744151898734178
0.8	0.1344765	0.168095625
0.81	0.1279366	0.15794641975308643
0.82	0.12186979999999999	0.14862170731707317
0.83	0.1151981	0.13879289156626506
0.84	0.10877399999999998	0.12949285714285713
0.85	0.1025939	0.12069870588235294
0.86	0.09594330000000001	0.11156197674418605
0.87	0.08806839999999999	0.10122804597701149
0.88	0.0817803	0.09293215909090909
0.89	0.07493970000000001	0.08420191011235956
0.9	0.0684331	0.07603677777777777
0.91	0.061758099999999996	0.06786604395604395
0.92	0.054844000000000004	0.05961304347826087
0.93	0.0483391	0.05197752688172043
0.94	0.0415303	0.044181170212765956
0.95	0.034636	0.036458947368421056
0.96	0.0279628	0.029127916666666667
0.97	0.0208784	0.021524123711340205
0.98	0.0138784	0.014161632653061225
0.99	0.0069731	0.007043535353535354
0.0	0.0	0.0
