0.99	0.0070516	0.007122828282828283
0.98	0.0142248	0.014515102040816326
0.97	0.021094299999999996	0.021746701030927833
0.96	0.0280219	0.029189479166666667
0.95	0.0349694	0.036809894736842104
0.94	0.0415293	0.04418010638297872
0.93	0.049084	0.052778494623655914
0.92	0.0557969	0.06064880434782609
0.91	0.0626644	0.06886197802197802
0.9	0.07073760000000001	0.07859733333333334
0.89	0.0765928	0.08605932584269663
0.88	0.08317279999999999	0.09451454545454545
0.87	0.0898775	0.10330747126436782
0.86	0.0963542	0.11203976744186046
0.85	0.10393129999999999	0.12227211764705882
0.84	0.1077153	0.1282325
0.83	0.11622640000000001	0.14003180722891567
0.82	0.12420429999999999	0.15146865853658537
0.81	0.1310789	0.1618258024691358
0.8	0.1342447	0.167805875
0.79	0.1423015	0.18012848101265821
0.78	0.1505682	0.19303615384615386
0.77	0.15535859999999999	0.20176441558441557
0.76	0.1635404	0.21518473684210526
0.75	0.1699129	0.22655053333333333
0.74	0.1777379	0.24018635135135136
0.73	0.1817863	0.2490223287671233
0.72	0.179411	0.24918194444444444
0.71	0.1899073	0.2674750704225352
0.7	0.20092849999999998	0.28704071428571426
0.69	0.20425269999999995	0.2960184057971014
0.68	0.21154540000000002	0.31109617647058824
0.67	0.2193671	0.32741358208955224
0.66	0.21916110000000003	0.33206227272727273
0.65	0.2214024	0.3406190769230769
0.64	0.22934640000000003	0.35835375
0.63	0.22749419999999998	0.36110190476190474
0.62	0.23065839999999999	0.37202967741935483
0.61	0.243618	0.3993737704918033
0.6	0.2515094	0.4191823333333333
0.59	0.23817939999999999	0.40369389830508473
0.58	0.24747719999999998	0.4266848275862069
0.57	0.24773939999999997	0.43463052631578947
0.56	0.2650782	0.47335392857142855
0.55	0.24925880000000003	0.4531978181818182
0.54	0.2616208	0.48448296296296295
0.53	0.2678689	0.5054130188679246
0.52	0.27344870000000004	0.5258628846153847
0.51	0.2714101	0.5321766666666666
0.5	0.2627696	0.5255392
0.49	0.2573545	0.5252132653061224
0.48	0.2804641	0.5843002083333333
0.47	0.2781993	0.5919134042553191
0.46	0.27392510000000003	0.595489347826087
0.45	0.28098860000000003	0.6244191111111111
0.44	0.2721617	0.6185493181818181
0.43	0.2708622	0.6299120930232558
0.42	0.25952689999999995	0.6179211904761904
0.41	0.3002566	0.7323331707317073
0.4	0.29914450000000004	0.74786125
0.39	0.3210043	0.8230879487179488
0.38	0.3016626	0.793848947368421
0.37	0.2900516	0.7839232432432433
0.36	0.2769232	0.7692311111111111
0.35	0.27610169999999995	0.788862
0.34	0.2841253	0.8356626470588235
0.33	0.28300790000000003	0.857599696969697
0.32	0.2902054	0.906891875
0.31	0.286522	0.9242645161290323
0.3	0.2782628	0.9275426666666666
0.29	0.2823282	0.9735455172413793
0.28	0.2872669	1.0259532142857142
0.27	0.2946172	1.0911748148148148
0.26	0.2990642	1.150246923076923
0.25	0.300154	1.200616
0.24	0.2844525	1.18521875
0.23	0.26189490000000004	1.1386734782608696
0.22	0.27764120000000003	1.2620054545454547
0.21	0.281969	1.342709523809524
0.2	0.28352499999999997	1.417625
0.19	0.2893472	1.52288
0.18	0.27904059999999997	1.5502255555555555
0.17	0.2759972	1.6235129411764706
0.16	0.27311820000000003	1.70698875
0.15	0.2684372	1.7895813333333332
0.14	0.28920100000000004	2.0657214285714285
0.13	0.27117410000000003	2.0859546153846154
0.12	0.2521365	2.1011375
0.11	0.23104209999999997	2.100382727272727
0.1	0.23541520000000002	2.354152
0.09	0.21643809999999997	2.4048677777777776
0.08	0.206982	2.587275
0.07	0.18686200000000003	2.669457142857143
0.06	0.1617905	2.6965083333333335
0.05	0.1340146	2.680292
0.04	0.1033617	2.5840425
0.03	0.0819862	2.7328733333333335
0.02	0.0521714	2.60857
0.01	0.028556300000000003	2.85563
0.01	0.028556300000000003	2.85563
0.02	0.0521714	2.60857
0.03	0.0819862	2.7328733333333335
0.04	0.1033617	2.5840425
0.05	0.1340146	2.680292
0.06	0.1617905	2.6965083333333335
0.07	0.18686200000000003	2.669457142857143
0.08	0.206982	2.587275
0.09	0.21643809999999997	2.4048677777777776
0.1	0.23541520000000002	2.354152
0.11	0.23104209999999997	2.100382727272727
0.12	0.2521365	2.1011375
0.13	0.27117410000000003	2.0859546153846154
0.14	0.28920100000000004	2.0657214285714285
0.15	0.2684372	1.7895813333333332
0.16	0.27311820000000003	1.70698875
0.17	0.2759972	1.6235129411764706
0.18	0.27904059999999997	1.5502255555555555
0.19	0.2893472	1.52288
0.2	0.28352499999999997	1.417625
0.21	0.281969	1.342709523809524
0.22	0.27764120000000003	1.2620054545454547
0.23	0.26189490000000004	1.1386734782608696
0.24	0.2844525	1.18521875
0.25	0.300154	1.200616
0.26	0.2990642	1.150246923076923
0.27	0.2946172	1.0911748148148148
0.28	0.2872669	1.0259532142857142
0.29	0.2823282	0.9735455172413793
0.3	0.2782628	0.9275426666666666
0.31	0.286522	0.9242645161290323
0.32	0.2902054	0.906891875
0.33	0.28300790000000003	0.857599696969697
0.34	0.2841253	0.8356626470588235
0.35	0.27610169999999995	0.788862
0.36	0.2769232	0.7692311111111111
0.37	0.2900516	0.7839232432432433
0.38	0.3016626	0.793848947368421
0.39	0.3210043	0.8230879487179488
0.4	0.29914450000000004	0.74786125
0.41	0.3002566	0.7323331707317073
0.42	0.25952689999999995	0.6179211904761904
0.43	0.2708622	0.6299120930232558
0.44	0.2721617	0.6185493181818181
0.45	0.28098860000000003	0.6244191111111111
0.46	0.27392510000000003	0.595489347826087
0.47	0.2781993	0.5919134042553191
0.48	0.2804641	0.5843002083333333
0.49	0.2573545	0.5252132653061224
0.5	0.2627696	0.5255392
0.51	0.2714101	0.5321766666666666
0.52	0.27344870000000004	0.5258628846153847
0.53	0.2678689	0.5054130188679246
0.54	0.2616208	0.48448296296296295
0.55	0.24925880000000003	0.4531978181818182
0.56	0.2650782	0.47335392857142855
0.57	0.24773939999999997	0.43463052631578947
0.58	0.24747719999999998	0.4266848275862069
0.59	0.23817939999999999	0.40369389830508473
0.6	0.2515094	0.4191823333333333
0.61	0.243618	0.3993737704918033
0.62	0.23065839999999999	0.37202967741935483
0.63	0.22749419999999998	0.36110190476190474
0.64	0.22934640000000003	0.35835375
0.65	0.2214024	0.3406190769230769
0.66	0.21916110000000003	0.33206227272727273
0.67	0.2193671	0.32741358208955224
0.68	0.21154540000000002	0.31109617647058824
0.69	0.20425269999999995	0.2960184057971014
0.7	0.20092849999999998	0.28704071428571426
0.71	0.1899073	0.2674750704225352
0.72	0.179411	0.24918194444444444
0.73	0.1817863	0.2490223287671233
0.74	0.1777379	0.24018635135135136
0.75	0.1699129	0.22655053333333333
0.76	0.1635404	0.21518473684210526
0.77	0.15535859999999999	0.20176441558441557
0.78	0.1505682	0.19303615384615386
0.79	0.1423015	0.18012848101265821
0.8	0.1342447	0.167805875
0.81	0.1310789	0.1618258024691358
0.82	0.12420429999999999	0.15146865853658537
0.83	0.11622640000000001	0.14003180722891567
0.84	0.1077153	0.1282325
0.85	0.10393129999999999	0.12227211764705882
0.86	0.0963542	0.11203976744186046
0.87	0.0898775	0.10330747126436782
0.88	0.08317279999999999	0.09451454545454545
0.89	0.0765928	0.08605932584269663
0.9	0.07073760000000001	0.07859733333333334
0.91	0.0626644	0.06886197802197802
0.92	0.0557969	0.06064880434782609
0.93	0.049084	0.052778494623655914
0.94	0.0415293	0.04418010638297872
0.95	0.0349694	0.036809894736842104
0.96	0.0280219	0.029189479166666667
0.97	0.021094299999999996	0.021746701030927833
0.98	0.0142248	0.014515102040816326
0.99	0.0070516	0.007122828282828283
0.0	0.0	0.0
